849 770
-233 44
-295 -56
-287 -172
697 560
-326 -104
-421 -111
746 597
805 978
1187 781
766 829
270 396
-463 345
786 856
656 953
-441 287
-506 -55
-36 262
-85 322
-443 308
11 129
-504 5
632 833
562 1003
48 154
-519 85
766 549
0 438
95 344
941 887
-486 150
883 708
1045 896
258 616
213 712
-18 53
649 805
911 866
481 648
-235 376
-95 548
-497 -87
-321 68
248 251
-855 -124
625 848
-384 64
71 682
678 902
-543 223
600 771
-495 -6
915 695
-396 196
764 942
89 322
-13 381
167 707
-345 123
324 248
-76 385
-430 106
-29 420
707 541
-316 -106
-52 551
-623 57
-429 63
783 865
324 451
-531 -239
109 355
-51 309
-521 94
12 328
737 815
-290 94
233 672
228 137
267 584
195 392
677 787
124 256
-562 78
602 801
-141 513
721 711
253 544
709 774
1084 971
-627 230
666 803
-480 130
-321 59
59 363
771 713
852 675
